1 466 730799
2 445 732961
1 1346 732358
1 49 732651
2 188 732873
1 296 733169
3 999 730576
3 247 730576
2 314 732357
2 509 732903
1 890 732384
1 414 732961
3 1275 730465
2 413 732636
1 53 732358
2 110 732636
2 146 733007
2 1063 733217
2 1231 732357
2 713 733253
1 16 732961
1 1182 732358
2 1333 732357
1 1200 733224
1 1342 732384
2 1073 733017
2 1324 732357
2 939 732636
1 94 733168
2 1152 732636
2 440 733273
3 113 730495
2 789 732961
2 286 733051
2 915 732877
2 154 733051
2 109 733017
4 1313 733504
1 373 732651
2 30 732357
1 958 730779
2 38 732869
3 30 731085
5 830 730783
2 355 732636
1 352 733346
2 632 732636
1 1263 732384
2 124 732636
1 377 732958
2 539 732636
3 669 730457
2 1004 733017
2 3 733219
1 1112 732358
2 81 732357
1 472 733209
2 384 733364
2 312 732908
2 874 733017
1 149 733239
2 399 733260
1 980 733224
3 122 730583
4 808 733476
2 1350 732636
2 1180 733017
1 1197 732958
3 1248 730939
2 866 732357
2 507 733051
1 408 733245
1 700 731833
2 1247 733017
2 1265 732636
1 1336 730938
2 831 732636
2 650 733023
4 415 733469
2 462 732357
2 644 732994
2 1175 732636
2 1037 733017
2 989 733017
2 5 732869
2 121 732952
2 1008 733017
1 1050 732961
4 1313 733504
1 160 732358
2 651 732357
2 1073 733139
2 778 733017
3 292 730495
2 1232 733253
2 385 733017
2 453 733017
1 692 732358
2 1187 732636
2 39 732923
2 970 732959
2 1251 732636
5 186 730843
3 251 730495
2 1204 733017
5 1199 730791
1 218 732651
1 686 730779
2 981 732636
2 214 732636
2 336 733017
2 845 732859
2 955 732908
2 323 732357
2 350 732357
2 882 732380
2 154 733254
1 740 732358
2 188 733017
2 159 732952
6 859 732548
2 1 733017
1 333 733219
2 981 732901
2 560 733017
1 1028 733175
2 1272 732700
4 704 733504
7 830 731028
1 629 732961
2 948 732959
2 439 732700
2 1137 732357
2 172 733120
2 868 732869
1 559 733245
2 1318 733017
1 270 733209
2 889 733066
1 525 730799
2 1252 732357
2 766 733017
2 375 732636
2 261 733017
2 137 732636
2 348 732859
2 1190 732958
2 106 732869
1 273 733435
2 118 732357
2 683 732357
2 657 732636
1 968 730799
2 264 732908
1 978 731833
2 263 732636
1 13 732358
3 941 730495
2 131 732987
2 374 733062
2 1252 732728
1 952 733239
1 296 733245
2 162 732876
2 435 732952
3 392 731827
2 864 732859
1 784 733086
2 1326 733017
1 634 733245
3 476 730457
1 1266 733294
2 1291 732908
2 1186 733017
2 254 732957
2 587 733017
5 1336 731622
2 726 733017
1 233 733290
5 1199 730787
2 1015 732357
2 102 732636
2 239 733017
1 1275 730780
2 1232 733364
1 607 731025
2 1288 732728
1 914 731833
2 374 733017
1 583 733252
2 782 733017
2 1135 732636
2 158 732357
2 109 732903
2 713 733254
1 1055 732358
1 1296 732492
2 303 732636
2 1195 733017
2 941 733262
2 589 732952
3 1218 730939
3 1252 730576
2 75 733017
2 479 732908
7 830 731847
2 1188 733017
2 1033 732952
2 1322 732957
2 1197 732980
2 133 732908
2 504 732631
1 761 732737
2 927 733023
1 1109 732961
2 1011 732357
2 1335 732357
2 254 732700
2 486 732357
2 227 732636
2 561 733017
2 277 732357
2 19 732959
2 794 732636
1 153 733338
2 442 732876
2 870 733139
2 179 732869
4 940 733504
1 1167 732358
2 170 732745
2 1252 732804
3 728 730457
2 926 733017
2 946 733202
2 380 732636
1 563 732358
2 575 733017
1 584 733346
1 111 732358
3 1289 730457
3 269 730576
2 1236 732987
2 346 732923
1 374 733233
1 1336 731833
2 876 732357
1 1040 732715
3 602 730626
3 1231 731085
2 131 733017
4 273 733476
2 464 732876
1 375 730949
2 915 732859
2 745 733272
6 442 732548
3 486 730457
1 524 733245
2 1084 732357
1 1336 730779
2 173 732876
2 245 732957
3 90 730457
2 702 733017
2 1078 732876
2 296 733196
2 316 732636
4 384 733469
1 498 732358
2 687 732636
2 353 732755
2 396 733253
6 1153 732548
1 196 732358
2 634 733273
1 1125 732358
2 481 732636
5 830 730782
2 483 733017
2 1168 732869
2 1072 733017
2 1301 732357
1 389 732358
2 1183 733017
2 148 732908
2 103 733017
2 34 732876
2 1300 732961
2 1106 732357
1 408 733245
6 815 732548
2 1197 732961
2 851 733120
1 535 732358
1 372 732358
1 1192 732358
7 830 731021
2 477 732952
2 970 732959
1 113 731833
5 945 730782
2 208 732869
2 463 732755
2 1187 732987
2 741 733017
2 187 732961
1 350 732358
1 94 733245
2 590 733017
1 364 733245
2 339 732958
2 489 732961
2 197 732429
2 899 732987
2 1252 733196
2 326 733017
2 653 732357
1 153 733343
2 270 733219
1 1157 733346
2 1249 733196
1 775 732959
2 589 733015
2 619 733017
2 611 732877
4 273 733476
1 1015 730760
3 941 730502
2 1156 732357
2 629 732636
2 1230 732876
2 1244 732636
2 25 733017
2 1025 733219
2 341 733017
2 913 733017
2 39 733017
1 1197 732961
2 981 732734
2 365 732957
2 207 732357
2 101 732357
2 218 732755
2 583 733017
2 622 732636
2 84 732636
2 507 733017
2 829 733017
2 1267 732876
2 364 733017
2 310 732636
2 16 732957
2 28 732357
2 1197 732859
1 507 733435
3 607 731827
4 363 733448
3 987 730676
4 417 733448
2 8 732636
5 1336 730939
2 1010 732876
1 766 732961
2 956 733120
2 543 732357
1 211 730799
2 773 733017
2 1133 733017
3 193 730576
2 14 732357
2 1322 732961
2 998 733272
3 958 730502
2 178 733017
2 342 733023
2 1225 732357
1 375 730938
3 632 730457
2 726 733023
2 474 732908
2 1066 732923
2 1033 732755
2 467 733017
2 1128 732357
2 133 732875
2 589 732959
2 1249 733017
3 804 730939
2 980 733017
1 866 732358
2 1135 732792
1 6 732961
2 650 733254
2 416 732959
1 758 731833
2 1201 733020
2 929 733017
2 1114 732908
1 946 733245
2 159 732947
2 1187 732755
2 561 732994
2 333 733254
2 170 732859
2 792 733017
2 274 733017
1 930 732513
6 768 732548
2 1338 732636
2 178 732728
1 411 732358
2 382 733017
1 576 732358
1 570 733224
1 331 733245
2 538 732923
2 943 732755
2 170 732755
2 1147 733017
2 1098 732859
2 946 733272
2 374 733017
2 995 733017
2 612 732357
1 776 730938
2 596 732357
3 1129 730457
2 178 732636
1 879 730799
2 368 733120
1 1353 731833
1 927 733233
2 812 732636
2 442 732631
4 584 733469
3 742 730495
1 1354 732358
1 501 732358
2 899 732908
2 1076 732957
2 915 732859
2 17 732908
2 299 732957
2 1148 732792
2 335 732636
2 629 732876
1 269 730948
1 584 733358
2 650 733120
1 67 733219
1 210 732359
2 1140 733017
2 495 732357
1 531 732358
2 364 733051
1 1045 732358
2 1361 733015
1 412 732358
2 1085 732636
2 861 732869
1 308 732358
2 941 732357
2 1115 733051
1 584 733333
2 211 732636
1 1335 732358
2 947 733017
3 958 731023
2 972 732866
2 588 733017
2 218 732908
2 798 732961
2 1108 733017
3 486 730583
1 811 732651
2 748 732700
2 1020 733017
1 1130 731833
2 254 732755
1 667 733255
2 610 733017
1 1232 733233
1 9 732358
1 178 732959
2 583 733051
1 522 732959
2 97 732957
2 928 732876
2 629 732702
2 743 733017
2 44 732357
1 906 732358
3 758 730495
1 45 731833
1 211 730938
2 888 733260
2 1138 732636
2 865 733017
2 633 733017
2 294 732636
2 912 733017
2 480 733253
3 1320 730939
2 845 732877
2 1036 732859
2 583 733023
1 507 733245
2 1314 732357
1 186 730777
1 1197 732954
1 1173 733224
2 1060 732636
2 477 732957
3 1199 730583
1 419 732358
3 1360 731835
2 1252 733017
1 586 732384
2 727 732908
3 772 730457
1 686 730799
1 1221 732358
1 852 731094
2 34 732908
2 871 732908
2 1282 733017
1 333 733209
2 1276 732957
1 465 730799
2 547 732636
2 1036 732636
2 748 732672
1 1115 733169
1 883 730799
1 747 732358
2 915 732672
4 726 733511
1 1008 733086
3 998 730457
2 1274 732876
2 971 732859
2 751 733017
2 742 732357
2 606 732923
2 183 732357
2 1281 732357
3 718 730939
2 1321 733017
2 857 732631
3 607 731023
3 113 731825
2 135 732734
2 1197 732952
2 1024 733254
2 1295 733017
1 970 732954
1 996 733435
1 1006 733020
3 1130 730939
2 919 732876
2 1359 732859
2 1033 732901
2 1276 732958
1 958 730950
2 63 733017
2 930 732357
2 420 732636
2 374 733246
3 764 731835
2 530 732357
2 532 732866
2 185 732869
1 871 732737
2 24 732636
1 812 732384
2 1354 732357
2 513 732357
2 857 732636
2 39 732985
4 584 733476
2 531 732357
6 794 732548
2 1232 733253
2 922 732636
2 941 732429
1 294 732384
2 1270 732994
3 795 730457
2 260 732961
1 771 732461
2 881 732734
4 322 733476
1 983 732358
1 958 730948
3 688 730457
1 446 733245
2 9 732357
1 1268 733245
2 507 733203
2 853 732903
3 442 730676
2 34 732901
2 1249 732973
1 828 732358
2 583 733023
1 306 730799
2 970 732958
3 226 730576
1 731 731833
2 317 732859
2 648 733017
2 526 733017
2 985 732859
5 1156 731622
2 752 732636
2 1208 732959
2 242 733017
6 962 732548
2 689 732636
1 112 732961
1 394 732358
3 699 731026
2 405 732357
2 364 733038
2 189 732876
2 675 733017
2 120 733017
2 128 732959
1 1304 732358
1 1014 732358
1 1334 733245
3 999 730495
2 159 733017
2 333 733254
3 1289 730626
2 946 733023
3 164 730495
2 1285 732636
2 764 732357
1 917 731833
1 729 732651
2 496 732901
4 1053 733448
2 1232 733254
2 1212 732636
2 999 732357
2 884 733364
2 67 733017
6 442 732632
2 497 732876
2 971 732866
2 1046 732357
2 927 733017
2 329 732386
2 659 732636
1 664 732359
2 643 733017
1 24 732737
2 34 733007
5 486 730782
1 600 732358
2 942 733017
2 1135 733017
2 1119 733023
2 516 732859
2 1001 733017
2 790 732866
2 561 732958
2 538 732959
2 629 733017
2 1283 733017
1 958 731833
2 915 733017
2 833 732490
5 772 730782
2 1214 732636
2 1081 732357
2 1348 733040
1 924 732464
2 1014 732357
1 1027 732358
3 987 730457
2 227 732755
2 1347 732869
2 458 732357
2 1084 732636
1 110 730952
3 681 730576
1 462 732492
2 281 732357
2 857 732357
2 722 733017
1 1073 733168
2 364 733023
2 581 733017
2 881 732728
1 1315 732961
2 369 733017
3 998 730626
2 334 732380
2 341 732757
1 683 730799
1 763 731833
2 557 732636
2 1074 733017
1 305 732358
2 885 732357
2 692 732357
2 637 732869
6 113 732548
1 142 732358
3 1000 731085
3 672 730457
2 691 732357
2 1090 732636
2 1020 733017
2 256 732636
2 173 732869
2 1229 733139
2 349 732357
2 994 732357
3 269 730583
3 814 730495
2 923 732631
2 1318 732903
1 1343 733245
2 333 733017
1 166 732358
2 403 733051
2 583 733254
2 941 732792
2 605 732866
1 703 732651
1 923 732513
2 49 732859
3 465 731085
2 470 733017
2 1105 732357
2 1330 732876
2 643 732636
1 283 732961
2 432 732636
2 18 733017
1 930 732486
2 8 732357
1 768 732358
1 883 730938
3 392 731085
1 583 733435
2 445 732958
2 161 732700
2 565 733017
2 1158 732958
2 838 733017
2 202 732357
2 313 732908
1 214 732492
2 858 733120
2 560 733023
2 211 732357
2 417 733254
3 392 730939
1 491 732358
2 907 732636
1 1345 733239
1 442 733245
1 584 733368
2 1134 732636
1 113 730780
2 768 732636
1 647 731833
1 374 733224
5 114 731574
2 342 733020
2 448 732908
3 1175 731085
2 1256 732859
2 819 733017
2 827 733191
2 356 732873
4 273 733476
1 804 731833
1 227 732651
3 113 730457
1 717 733209
2 456 732357
4 1 733504
2 890 732636
2 1154 732636
2 492 732636
2 1252 733309
1 301 730937
2 1220 733120
3 602 730457
1 459 732737
2 871 732728
2 160 732357
2 796 732636
2 706 732908
2 463 732672
5 383 730866
2 1322 733017
2 413 733017
4 932 733469
2 1329 732636
2 908 733017
5 830 730895
2 1153 732636
1 1199 730948
2 793 732859
1 209 733245
2 953 732901
2 200 733017
4 1232 733469
2 921 733139
2 131 732908
1 94 733245
1 670 731833
2 1040 732957
1 652 732358
2 769 733017
2 436 733017
2 394 732357
2 571 733017
2 553 733017
2 589 732985
2 753 733139
2 479 732873
2 735 732357
2 450 732357
2 419 732357
3 45 730495
2 1190 732636
2 145 732908
2 1285 733017
2 966 732957
1 55 733245
2 915 732957
1 1024 733413
1 255 732358
3 306 730495
2 209 733066
2 699 732636
2 369 733017
2 178 732957
2 1252 733246
2 1358 732923
1 115 733413
2 507 733020
2 798 732957
3 45 730457
2 1304 732357
4 415 733469
7 830 731882
1 685 732961
1 1122 732358
2 760 733051
2 768 732357
2 147 732636
3 1252 730503
2 865 733017
2 17 732962
2 185 732876
4 806 733504
1 1082 730801
2 1224 732876
2 927 733062
2 131 732994
2 1110 732869
1 671 732954
2 256 733017
2 778 733066
1 559 733086
2 726 733038
2 1247 732908
1 1068 732358
2 626 732636
2 179 732908
1 990 733245
2 1113 732876
1 566 730799
3 763 730939
2 430 732357
1 789 732961
2 784 733017
2 507 733017
2 379 732357
2 880 733017
2 972 732859
2 1046 732636
2 1299 733120
2 94 733017
1 679 732358
3 314 731085
6 1249 732548
3 941 730457
7 830 731327
2 291 732908
2 417 733023
3 358 730583
2 815 732631
1 273 733358
2 1290 732908
2 344 732923
2 767 733017
2 1160 733017
2 217 732357
2 148 733017
1 489 732961
4 932 733476
7 830 731360
3 383 730457
4 584 733476
2 589 732959
1 996 733343
2 1229 733038
2 583 733246
2 1212 732908
2 1224 733017
1 958 731878
1 765 730799
1 599 733352
3 116 730457
1 333 733233
2 609 733017
3 728 730676
2 794 732631
2 783 733017
2 564 732903
1 1076 732958
1 672 730780
1 329 732358
2 442 732866
2 1042 732357
2 196 732357
2 889 733017
2 629 732987
2 901 732357
1 374 733233
2 669 732636
3 442 731902
1 697 733346
2 984 733018
2 882 732636
3 1360 730940
3 566 730457
1 895 733245
2 589 732959
1 940 733168
1 803 732358
1 64 733245
3 1130 730457
3 1234 730939
2 594 732357
1 257 732358
2 455 732357
2 1075 733017
2 915 732980
2 899 733017
2 915 732958
2 54 732866
2 507 733253
2 675 732636
3 686 730495
2 996 733051
1 44 732366
2 155 732357
1 924 732584
2 10 732357
2 372 732357
3 878 730576
1 269 730779
1 708 731833
2 494 732903
1 584 733352
2 222 733017
2 1232 733254
2 1310 733017
1 780 732384
2 320 733017
1 430 732366
2 1222 732745
2 208 732876
2 1187 733015
2 373 732636
2 726 733017
1 49 732715
2 564 732874
1 420 732651
1 1175 731833
2 1076 732961
2 485 733017
2 375 732357
3 113 730583
2 611 732908
6 923 732548
2 1035 732908
2 152 733017
3 945 730626
3 45 730939
5 211 731569
2 427 732636
2 842 732908
1 55 732461
1 141 733435
1 536 732358
2 414 732962
4 366 733504
2 116 732636
1 591 732954
1 296 733203
2 1271 732700
2 379 732380
1 1344 732358
2 913 732869
2 58 732908
2 988 732357
2 1126 732859
2 442 732859
3 770 730626
1 669 730967
2 884 733253
1 273 733352
2 1161 733066
2 472 733219
2 258 732636
2 66 733017
2 568 733017
2 327 733017
1 1227 732358
1 247 731833
2 1312 733017
3 804 730626
2 1162 732636
4 941 733504
1 1336 731878
1 405 732358
1 869 730799
2 846 732636
2 121 732962
2 737 732357
1 375 731833
1 927 733209
2 970 733017
2 1205 732378
2 1284 732755
2 1291 733017
2 953 732876
4 584 733476
2 723 732877
2 399 733245
1 113 731878
1 513 730967
2 886 733023
2 788 732636
3 699 731093
2 589 733017
2 845 732755
2 585 732876
2 1313 732901
3 686 730583
2 623 733038
2 924 732357
2 146 732994
1 110 730952
2 629 732859
2 1213 732357
2 121 732957
2 886 733017
2 629 732672
1 946 733245
1 1276 732959
3 958 730495
1 712 733224
1 688 731833
2 498 732636
1 951 732651
2 775 733017
2 703 732636
6 930 732548
2 195 733007
1 14 732358
2 1252 732636
2 707 733139
2 119 732908
2 778 733017
2 1197 732994
1 512 732737
2 303 733017
2 1009 733017
2 1036 732908
2 573 733139
2 1259 732357
2 374 733020
1 211 731834
1 424 732961
1 1006 733021
2 989 732958
1 982 733245
2 1164 733017
2 726 733253
2 1018 732357
2 786 733017
3 958 731898
4 366 733441
3 1336 731878
2 40 732636
2 749 733017
2 714 732961
2 926 732636
1 726 733224
2 370 733017
2 1252 732745
2 839 732901
2 811 733017
1 1205 731086
2 927 733245
2 253 732386
2 34 732901
2 1086 733017
1 696 732617
6 126 732548
1 986 732358
3 127 731085
2 79 732636
1 681 731833
2 1197 732958
2 973 732636
3 1252 731898
2 502 732636
4 584 733469
1 892 730777
3 276 730676
2 1197 732957
2 1197 732957
2 1250 733017
2 665 732869
2 143 733017
3 375 731902
1 1289 731833
2 465 732357
2 482 733017
2 250 732636
2 1171 733017
2 981 732658
2 760 733051
2 1183 732947
1 1332 731833
2 739 732636
2 564 732755
2 700 732357
2 1268 733120
2 1190 732859
2 1033 732877
2 726 733026
7 830 731056
1 726 733252
3 1328 730502
2 623 733121
3 45 730626
2 402 732636
2 659 732357
1 442 732527
2 601 733139
3 795 730464
2 222 733121
4 704 733476
2 951 732636
2 1149 732859
1 1004 732959
4 584 733462
3 681 731085
1 1210 730779
2 917 732357
2 589 732957
2 787 732728
1 1217 732384
2 1252 732369
1 874 733175
2 1212 732901
1 870 733245
2 145 732636
2 181 732876
2 299 732958
2 57 732923
2 216 733051
2 156 733017
2 928 732908
8 366 733420
2 604 732908
2 369 733023
2 353 732728
1 1176 730799
2 438 733017
1 1196 732358
2 432 732645
4 296 733511
2 1085 733017
2 1113 732869
4 806 733504
1 93 733224
3 670 731085
1 125 732384
7 830 731015
2 353 732908
1 55 733168
2 678 733017
2 1079 732357
2 1077 732357
1 726 733209
2 564 732636
2 157 732908
2 511 733017
2 1348 733051
2 560 733120
1 30 731833
2 629 732728
2 497 733017
2 941 732386
1 670 730777
1 456 732358
2 24 732755
3 431 730939
2 112 732958
3 1353 730939
5 830 730886
3 686 730457
1 958 730949
1 495 732358
2 371 732859
1 1351 730780
3 878 730495
2 433 733017
1 782 733435
2 449 733017
2 106 732866
1 19 732958
1 432 732651
3 1360 731023
3 1309 730576
1 331 733209
4 927 733469
2 112 732959
2 1273 732636
3 392 731093
2 1252 733273
1 979 732358
3 186 730457
1 323 732358
2 1008 733017
3 186 731023
2 939 732357
1 1257 732358
3 1336 730583
2 1166 732869
2 731 732357
2 128 732961
2 411 732357
2 867 732636
2 360 732631
1 852 731877
1 233 733294
1 1053 733245
1 211 730780
2 635 733017
1 110 730967
2 237 733017
2 785 733017
2 1015 732636
2 260 732958
2 374 733017
1 799 732358
2 941 732393
2 209 733017
2 424 732961
1 1337 732358
2 187 733017
2 1198 732357
1 615 732358
3 681 730939
2 1296 732636
2 1021 732959
1 71 733352
2 159 733015
4 808 733476
2 467 732636
2 68 733017
2 333 733020
2 961 733265
1 469 732358
2 1256 732866
2 949 732357
1 154 733168
1 82 733245
2 1348 733202
2 1046 732429
2 6 733017
2 509 733017
2 1252 732987
2 62 732636
2 374 733023
2 915 732958
2 782 733202
2 439 732755
2 1098 732869
2 598 732876
2 1252 732877
2 1311 733017
6 930 732548
2 724 732636
1 589 732959
2 368 732923
2 1047 732859
3 1211 730583
1 186 730938
2 484 733017
2 843 732636
2 269 732357
3 1231 731093
2 1336 732636
1 958 730952
3 1360 730939
2 462 732631
1 172 733245
2 749 733017
1 583 733346
2 716 733246
1 784 733224
3 302 730457
1 60 732358
2 178 732980
2 935 732357
2 1284 732636
1 1088 732651
1 579 730799
1 656 732358
1 1174 730799
2 307 732700
2 416 732961
2 1133 732636
2 260 732959
2 25 733139
3 269 730626
2 1094 732866
2 1197 733006
3 1336 730496
2 340 732994
3 1199 731094
2 516 732876
2 1274 732755
3 949 731902
1 999 730777
3 1032 730676
2 209 733253
2 726 733051
5 1252 730887
2 1339 733017
2 591 732954
2 617 733017
1 790 733077
1 1199 731833
2 344 732877
2 564 732728
2 894 732869
2 1004 732957
2 996 733364
1 408 733209
3 23 730457
2 209 733253
2 401 732908
2 369 733017
1 885 732358
4 345 733469
1 153 733343
2 186 732357
3 758 730496
2 60 732357
2 784 733066
2 37 733017
2 664 732491
1 1336 730801
2 915 732987
1 40 731878
2 1101 733017
3 776 730583
2 822 732869
2 271 733265
1 1232 733239
2 221 732380
1 875 732358
2 604 733017
3 186 731026
2 418 732745
1 771 733245
2 1153 732357
3 669 730939
2 663 732357
1 628 733168
2 1020 733139
3 830 730626
2 816 732869
2 400 733219
2 941 732742
4 808 733469
2 629 732866
2 84 732875
1 378 732358
2 439 732672
2 1024 733017
3 332 730457
2 304 732357
3 113 730939
2 451 732357
2 670 732636
3 683 730939
1 820 731833
1 56 733224
2 629 732728
7 830 732362
2 1048 732357
2 117 732908
2 250 733017
2 835 733017
2 357 732908
2 1100 733017
2 745 733017
2 1038 733017
4 1232 733469
1 235 732358
2 524 733139
5 465 730887
2 948 732961
2 853 732745
2 88 733017
3 776 730457
1 1011 732358
7 830 732362
1 876 732358
1 584 733338
2 261 733007
4 808 733476
2 1008 733017
1 1301 732358
1 834 730799
2 13 732357
2 585 732859
2 981 732903
2 280 733017
1 1020 733169
1 209 733413
2 1319 733017
2 1262 732357
2 629 732908
2 58 733007
2 1061 732636
1 664 732527
2 1346 732357
2 625 732908
6 462 732548
4 790 733448
2 1331 732869
2 564 732728
2 1252 732866
1 1333 732358
2 431 732636
2 793 732866
2 1283 732755
2 268 733017
3 917 730457
1 268 733233
2 710 733017
2 756 732923
2 1187 732901
2 12 732700
1 1293 732358
1 690 732358
3 292 730939
3 122 730457
2 1249 733262
2 900 732636
1 374 733168
2 1207 732908
1 513 730760
1 352 733245
2 362 732357
2 955 732901
5 1351 730782
2 1087 732869
2 34 732875
1 716 733245
2 154 733017
6 498 732548
2 1056 732357
2 1234 732636
2 427 732357
1 186 731877
2 144 733017
1 447 733224
1 589 732961
2 823 733121
1 300 732358
2 1016 732357
2 1149 732869
2 1292 733017
2 526 732636
2 168 733017
1 916 732961
3 1273 731085
1 507 733219
3 1205 731086
2 167 733017
2 1110 733017
2 186 732636
2 901 732631
5 486 730886
1 842 732737
2 296 733062
2 1206 733017
2 559 733017
1 924 732486
1 1324 732358
3 579 730495
2 1206 732636
1 94 733224
2 1114 732952
2 101 732636
2 790 733246
2 1359 732876
1 528 732358
2 872 732859
1 345 733333
1 607 730953
1 1007 731094
6 10 732548
3 1275 730626
2 16 732959
1 962 732358
1 55 733239
5 269 730787
6 127 732548
1 45 730760
2 253 732636
1 1220 733245
2 564 732859
1 966 732961
1 1232 733245
2 1125 732357
2 41 732859
2 178 732755
2 139 732908
1 1191 733175
2 943 732877
1 796 732617
2 773 732636
2 521 732863
2 459 732728
2 45 732636
3 699 730939
2 55 733272
2 39 732961
2 1158 733017
3 1351 730576
2 887 732908
1 471 732358
3 113 730626
1 686 730777
2 836 732866
2 462 732636
1 328 733245
1 941 732358
2 997 733017
1 246 732384
1 1105 732358
3 1262 730939
2 125 732636
1 1223 732358
1 195 732958
2 34 732923
2 275 732357
2 11 733120
2 113 732357
2 930 732380
2 1006 733023
6 920 732548
5 1252 730887
3 673 730495
1 584 733338
2 159 732959
3 1328 731827
1 1320 730799
2 1239 733017
2 1308 733017
2 327 733015
1 1252 733175
2 904 733007
2 449 733139
2 1257 732357
1 98 732358
2 390 733017
1 446 733224
1 209 733245
2 483 733139
1 1303 732961
2 764 732636
6 536 732548
1 571 733086
2 17 732923
2 1082 732357
1 123 733333
2 127 732636
2 1205 732631
2 342 733040
2 1332 732636
2 563 732357
1 1135 732715
1 683 731833
2 1248 732357
2 221 732636
2 844 733017
2 729 732908
2 535 732357
1 1244 732384
2 1221 732357
2 457 733023
2 530 732636
2 219 733017
1 502 732384
2 140 732859
3 520 730457
2 1164 732636
2 437 733017
2 251 732357
2 1013 733017
2 660 732700
1 553 733245
1 1353 730799
2 1115 733040
2 891 732908
2 993 733017
4 273 733504
2 717 733219
2 1249 733120
6 958 732548
1 1033 732954
2 882 732357
2 475 732957
2 507 733051
2 1037 733051
3 211 730576
2 177 732357
2 1172 732636
2 555 733017
3 647 730939
2 1190 732792
2 477 732954
2 868 732859
2 707 733017
2 344 732952
2 249 732636
2 1114 733017
5 1252 730888
2 1300 732959
2 209 733017
2 589 732994
2 923 732357
2 845 732876
2 900 732908
2 778 733038
2 1130 732636
2 1123 732357
2 374 733139
1 1107 732358
2 163 732923
2 849 732636
2 1148 732903
1 713 733245
1 572 730948
2 893 732866
2 195 732958
2 920 732357
2 263 732357
2 880 732636
2 1070 732745
2 576 732357
2 274 732908
3 1360 730495
1 584 733413
2 1138 733017
2 910 732908
1 1343 733224
2 899 733007
2 342 733017
2 538 732958
3 968 730939
2 1037 733191
1 392 730938
1 536 732527
2 583 733051
3 941 731094
2 298 732636
1 101 732527
2 165 733017
2 1298 733017
2 681 732357
2 354 732357
2 237 733020
2 964 732636
2 1053 733253
1 352 733232
2 111 732357
2 787 732745
2 1053 733272
2 726 733017
1 661 732358
2 1361 732961
1 847 732358
2 74 732357
1 655 732492
2 245 732957
5 1275 730782
4 273 733462
2 121 732923
1 332 731833
2 499 732876
2 556 732357
2 608 732357
3 1275 730457
1 570 733209
2 335 733017
1 726 733175
1 1357 733245
2 959 733139
2 591 732957
2 403 733139
2 690 732357
2 884 733253
2 443 732636
3 958 730576
2 1232 733246
3 958 730457
2 15 733017
2 488 732357
1 996 733333
1 374 733245
2 900 732728
2 1008 733017
2 478 733017
2 614 733017
2 977 733017
2 1146 733017
2 84 732908
2 216 733139
2 102 733017
2 1347 732957
3 1205 730626
2 603 733017
3 269 731094
1 523 732358
2 683 732636
1 23 730799
2 704 733272
3 186 731094
2 1027 732357
2 197 732636
1 1198 732358
2 1271 732672
2 1349 732869
1 1058 732359
2 1114 732908
1 884 733294
3 110 731023
2 1041 733017
2 327 732961
2 859 732636
2 1124 732745
2 474 732869
6 379 732548
1 1248 731833
2 220 732923
1 211 730779
2 558 732866
3 1199 730939
3 61 730495
2 16 732962
3 647 731085
2 719 732636
2 1300 732957
2 1257 732636
1 684 733343
2 591 732952
1 78 732358
2 254 732672
2 586 732636
2 240 733017
2 667 733017
2 461 732869
1 772 730780
2 1223 732369
2 897 733017
2 387 733017
2 113 732631
1 64 733224
2 361 733017
2 805 733017
2 950 732672
3 914 731085
3 466 730457
7 830 731203
2 872 732866
2 1290 733017
9 67 733488
2 1348 733023
2 551 732357
5 998 730866
1 186 730948
2 142 732357
1 1037 733175
2 117 732728
4 67 733511
1 239 733086
2 589 732980
7 830 731081
2 254 732636
2 1144 733017
2 216 733017
2 650 733017
2 1303 733017
1 622 732651
1 19 732959
1 782 733245
1 1154 732384
2 330 733017
2 493 732636
2 448 733017
1 1280 732358
2 783 732636
1 583 733359
1 494 732715
3 1252 730503
1 1218 730799
2 421 733017
6 659 732548
1 577 732358
1 562 732358
3 1227 730457
1 345 733413
2 144 733017
1 414 732961
2 190 732957
1 640 732959
2 554 733017
1 3 733209
2 637 732859
1 408 733224
2 835 732636
2 1258 733139
2 1252 732380
2 873 732357
2 1233 733017
2 340 732903
1 790 732527
2 69 733017
2 1168 732859
2 828 732357
2 161 732380
2 1339 732961
2 778 733018
2 823 733017
2 222 733018
2 622 732908
2 915 733015
2 97 732952
5 269 731622
2 886 733017
2 577 732357
2 984 733017
2 1212 732875
2 284 732908
1 1053 733224
3 247 731023
2 860 732859
2 225 733017
2 1327 732636
2 1245 733017
2 1064 732357
3 110 731085
2 650 733017
1 923 732359
2 761 733007
2 522 733007
2 1 733364
2 464 732869
3 700 731878
2 1212 733017
1 930 732464
1 707 733413
1 988 732358
2 1067 732636
2 128 732958
1 269 731833
1 1074 733224
1 153 733333
2 136 732357
2 630 732636
3 632 730495
2 177 732636
1 359 732358
3 607 731026
2 801 733017
1 237 733435
3 850 730939
1 1213 732358
2 439 732636
1 333 733252
3 288 730457
2 740 732357
4 1252 733511
5 114 730789
1 1336 730778
2 798 732959
2 49 732636
2 359 732357
2 396 733253
2 327 732980
2 432 732908
2 1322 732957
2 798 732958
1 612 732358
7 830 731274
3 1199 730576
2 69 733023
2 578 733017
2 1252 732792
2 364 733246
2 846 732490
2 1296 732357
3 276 730457
2 353 732876
2 1012 732357
2 65 732636
1 1234 730799
4 808 733476
2 850 732357
2 415 733364
3 869 730457
2 844 732636
2 970 732957
6 442 732637
1 324 732358
3 718 731835
2 1302 732357
2 646 732357
3 708 730495
4 702 733462
2 179 732876
2 108 733017
1 920 732358
2 91 732636
1 29 732358
2 546 733219
1 1360 730801
1 327 732961
2 1037 733174
2 146 733015
2 1232 733254
1 913 732959
2 258 733017
2 1260 732908
2 473 732357
3 186 730576
3 597 730495
1 314 731833
1 1053 733245
2 268 733020
5 113 730782
2 1141 733017
3 244 730457
2 806 733364
1 122 730799
1 1128 732358
2 930 732636
3 513 730457
2 943 732757
2 324 732357
4 345 733469
1 1347 732651
5 211 730782
6 998 732827
2 1348 733017
1 631 732358
2 474 732859
2 1162 733017
2 1318 732755
2 689 733017
2 631 732357
3 670 730457
1 904 732961
1 699 731094
2 923 732636
1 507 733245
3 1096 730495
3 700 731094
2 1232 733252
2 817 732357
2 271 733017
6 211 732548
3 804 730495
2 426 733017
2 1131 733017
2 333 733038
10 186 731025
2 782 733196
2 963 732908
2 668 732636
7 830 731733
2 1179 733017
2 16 732961
2 1195 732636
2 1141 732636
4 1323 733504
2 1199 732357
1 716 733245
2 347 733017
3 1199 730457
2 991 732700
2 649 732636
2 713 733254
2 998 732357
2 1062 732636
1 1229 733413
3 653 730495
2 161 732859
2 589 732961
1 1302 732358
3 1199 730495
3 830 730457
2 1126 732876
1 608 732358
2 1052 732357
1 1262 730799
1 64 733245
2 1035 732876
2 1130 732357
1 267 732358
2 787 732734
2 899 732980
1 1357 733224
1 431 731833
2 376 732636
2 240 732636
1 961 733255
1 331 733219
2 329 732636
2 1024 733252
2 860 733017
2 944 733017
2 72 732734
2 403 733017
1 647 730801
2 461 732866
2 589 732957
1 745 733413
2 761 733017
1 776 731833
1 55 732737
2 1058 732636
1 1091 732358
7 830 731294
2 755 733260
1 946 733252
2 255 732357
2 886 733023
1 184 732358
2 573 733017
2 1284 732728
1 507 733020
3 1170 730676
1 362 732358
2 1280 732357
2 826 732755
2 864 732876
2 1008 733023
2 950 732700
1 1083 730938
1 1025 733209
2 970 732961
2 333 733191
2 739 732357
1 842 732651
2 117 732755
2 521 732869
2 840 732636
1 1008 733209
1 1173 733245
2 783 732700
2 1266 733017
2 501 732357
2 246 732636
2 1050 732958
2 1169 733219
1 1064 732358
2 1212 732873
2 1166 732876
3 941 730626
2 571 733017
2 1269 733062
4 1252 733511
2 811 732636
1 794 732358
1 857 732492
2 1182 732357
2 598 732869
2 33 732859
2 45 732357
2 36 732908
1 771 733219
2 1024 733121
2 701 733017
1 1249 733396
2 723 732954
1 811 732739
2 469 732357
2 518 732357
1 958 730952
2 729 732636
1 1260 732651
2 1177 732859
2 260 732957
2 171 732636
2 353 732636
3 579 730457
2 1337 732357
1 128 732961
2 165 733139
2 903 732908
2 830 732357
2 623 733017
3 1082 731023
1 922 731833
1 567 732358
1 1121 732358
2 137 732357
3 122 730626
2 1212 732792
2 56 733219
2 174 732908
2 292 732357
2 726 733253
2 1252 732869
1 884 733435
2 749 733139
2 382 733051
2 146 733017
2 243 733017
2 49 732636
1 924 732513
4 583 733476
1 1103 732358
2 1020 733017
2 282 733017
1 1123 732358
2 133 732866
3 175 730457
3 1205 731085
2 34 732903
2 507 733045
2 198 733017
3 804 731085
2 1316 732869
2 1145 733219
2 1249 733262
1 602 730799
2 1222 732728
2 396 733246
2 230 732636
2 1061 733017
2 432 732658
2 127 732357
2 1277 733017
1 1016 732358
3 541 730457
1 82 733245
1 996 733294
2 513 732636
4 322 733476
2 92 733017
2 96 733017
2 73 732908
1 809 730780
2 94 733017
1 1273 730799
2 1276 732994
2 210 732636
2 642 733017
2 5 732866
5 1130 730887
2 970 732957
2 161 732875
1 958 730938
2 1020 733017
2 403 733023
2 1040 732636
3 809 730496
2 879 732636
6 402 732548
2 392 732357
2 1270 733017
2 333 733017
2 1356 732908
2 948 732959
2 194 733017
2 1082 732636
2 815 732636
2 1176 732636
3 1294 730457
2 1252 732742
2 584 733364
1 439 732737
1 25 733203
2 867 733017
1 978 730799
1 897 733175
2 1279 733017
1 865 733413
5 269 730791
2 752 732357
1 1273 731833
2 1187 732987
2 941 732631
1 49 732715
2 1187 733006
2 640 732908
2 317 732792
2 749 733051
6 530 732548
2 492 732958
2 640 733017
1 807 733224
1 930 732584
1 328 733245
3 1246 730676
2 836 732859
2 425 732636
1 811 732737
2 995 732958
4 417 733448
2 1197 733015
3 193 730626
2 84 732755
1 1051 732358
1 149 733224
2 589 732958
1 752 732358
2 780 732636
2 628 733017
3 1093 730457
2 38 732859
2 658 733017
4 237 733469
2 374 733017
3 597 730939
2 915 732636
2 883 732357
2 1115 733139
2 1212 732962
2 87 732357
2 910 733017
2 119 732636
4 1030 733469
2 4 732357
2 1143 733017
2 583 733196
1 915 732959
2 1197 732959
4 384 733469
2 1033 732957
2 1053 733252
2 333 733017
2 1269 733252
1 247 730801
1 321 732961
3 700 730939
3 186 730495
2 310 732908
1 309 730799
2 1190 733017
2 1233 732636
3 607 731085
2 854 733017
1 333 733245
2 593 733017
1 718 731833
1 927 733358
2 1269 733051
1 1175 730799
2 522 733015
2 434 733017
1 1351 731833
3 269 730464
2 261 733015
3 23 730626
2 1006 733023
5 1227 731569
2 507 733017
1 1056 732358
3 804 731094
1 76 732358
3 763 730457
2 590 732636
1 716 733086
1 735 732358
1 304 732358
2 215 732876
2 1208 732876
1 1172 732358
3 922 731096
2 655 732357
2 1196 732357
2 848 732672
2 410 733017
2 341 732755
2 545 733017
1 996 733352
4 273 733476
2 342 733254
2 597 732357
1 336 732961
2 95 733017
4 927 733469
2 382 733023
2 364 733057
2 209 733246
1 1214 732527
1 927 733435
2 718 732357
2 474 732875
1 996 733346
3 879 731085
2 996 733017
2 720 733017
2 444 732859
3 309 730939
1 1199 730779
1 88 733224
2 126 732636
1 55 733252
2 356 732869
2 845 732874
2 126 732357
2 174 732876
3 883 730939
1 307 732715
1 296 733219
2 1197 732792
1 915 732961
2 507 733174
2 1361 732876
2 847 732357
1 782 733396
2 723 732952
1 268 733239
2 706 732636
2 96 732866
1 731 730799
3 883 731094
2 749 733051
2 53 732357
2 726 733040
2 327 732958
2 533 732636
3 192 730457
2 1139 732636
2 1330 732859
1 584 733396
1 924 732358
2 369 733120
3 1015 731096
2 915 732994
3 314 730939
2 105 732923
3 1336 730626
2 146 733006
2 620 733017
5 383 730866
2 1190 732901
2 311 733017
1 1 733077
1 4 732358
3 186 731902
2 1004 732908
1 922 731094
4 782 733462
3 978 730939
2 1115 733017
1 691 732358
2 49 732700
2 435 733017
1 220 732954
2 29 732357
2 1252 732757
2 1229 733253
2 424 733017
1 94 733252
2 662 733017
2 1252 732645
1 415 733333
1 886 733020
2 25 733246
3 251 731878
2 92 732636
2 1230 732869
2 1243 733017
2 1102 733139
2 506 732636
2 364 733040
2 1033 732894
2 510 732357
1 158 732358
4 584 733476
1 936 732358
2 1351 732636
3 1205 730939
2 1253 732357
2 169 732357
2 912 732636
2 1068 732357
2 1197 732755
2 271 733196
1 178 732961
3 1174 730457
2 112 732961
2 981 732728
3 508 730939
1 16 732961
2 941 732873
2 726 733023
2 206 733017
4 996 733462
1 465 731876
2 948 732958
1 333 733168
2 224 733017
1 1299 733209
3 1205 730939
2 915 732755
1 996 733343
2 268 733017
2 1201 733023
4 790 733448
2 1227 732357
2 1250 732636
2 1053 733017
6 161 732548
2 1152 732908
2 974 733017
1 186 731877
2 1175 732357
3 708 730939
6 266 732548
2 1217 732636
1 1268 733245
1 542 732358
2 1008 733273
3 1336 730576
3 465 731878
2 726 733254
2 1252 733265
3 958 730465
1 28 732358
2 475 732957
5 486 730788
2 665 732859
2 629 732901
2 824 733017
2 70 732636
2 1122 732357
3 672 730626
2 973 733017
1 1054 733209
1 199 732358
2 1002 733017
1 1060 732651
2 1349 732859
2 884 733253
3 580 730457
2 209 733121
2 657 733017
2 212 732636
1 940 733435
2 1009 733272
1 1096 730799
3 1238 730495
2 629 732877
2 712 733219
2 574 732792
2 1008 733017
1 998 732461
3 247 730495
2 1101 732636
2 1256 732869
1 724 732464
2 998 732804
2 296 733121
1 607 730949
2 881 732745
2 1197 732961
2 664 732636
1 1325 732358
2 344 732952
2 1037 733139
2 1033 732908
4 702 733462
2 445 733017
2 1055 732357
3 465 730939
1 584 733343
1 533 731878
2 1352 732636
2 279 732869
3 1205 730626
2 1202 732636
1 1336 730799
1 296 733175
1 541 730799
2 1089 732903
2 476 732357
2 1006 733017
2 392 732636
1 697 733333
2 145 732636
2 840 733017
2 353 732875
2 962 732357
2 863 732869
2 539 732908
2 1043 732636
1 798 732961
2 1338 733017
1 713 733396
1 74 732358
2 381 733018
2 358 732357
1 1073 733224
2 1185 732357
1 157 732651
2 1053 733017
2 900 732755
2 803 732357
2 1212 732923
2 64 733246
2 1257 732386
2 551 732636
2 284 732755
2 1033 732859
3 50 730495
3 127 731092
2 615 732357
1 1265 732651
1 1037 733413
2 181 732959
2 39 732962
1 83 733413
2 558 732869
2 342 733139
2 888 733017
2 333 733018
1 1357 733245
2 313 732901
1 1173 733245
1 18 733224
1 272 732358
2 1249 732357
2 1276 732958
2 1033 732700
2 1278 732859
2 180 733265
2 647 732357
2 1033 732672
2 595 732923
2 532 732859
2 805 733253
2 775 732908
2 673 732357
2 911 732957
2 412 732357
2 10 732636
2 1159 733017
2 171 732357
5 804 730941
3 525 730495
1 726 733245
2 364 733066
2 991 732672
2 778 733121
2 1138 732734
2 266 732380
3 770 730495
2 1212 732859
2 594 732636
2 1327 732728
2 339 732961
3 763 731094
2 703 732672
2 417 733051
1 477 732954
1 589 732958
2 1109 733017
2 958 732636
2 279 732876
2 78 732357
4 704 733476
2 62 732859
1 1336 731877
3 269 731835
2 236 732357
2 370 732636
6 924 732548
2 676 733017
2 726 733023
2 901 732636
1 1 733239
1 1063 733224
2 398 732859
2 7 733017
2 941 733265
2 1200 733017
2 1361 732959
2 371 732869
2 790 732875
2 417 733139
1 900 732651
3 1234 731085
2 1187 733017
1 923 732361
4 940 733504
2 417 733051
1 127 731028
2 382 733017
2 1252 732631
3 1252 731085
2 732 733017
2 639 732357
2 1262 732636
2 979 732357
1 996 733343
1 1290 732959
3 718 730576
2 212 732631
2 209 733272
2 333 733253
6 647 732635
3 670 730495
3 1175 730939
2 978 732636
1 449 733413
1 500 732358
2 1205 732636
2 1288 732745
2 941 732876
3 127 731835
2 1107 732357
2 1321 733120
4 1323 733503
3 834 730457
2 399 733253
2 483 733051
2 2 732755
2 1361 732923
2 971 732869
1 104 732358
6 1142 732548
2 819 733023
2 949 732636
2 1151 732357
3 653 730939
2 383 732357
2 508 732636
2 329 732357
1 975 732358
2 1361 732901
1 945 730799
2 33 732755
1 1145 733224
3 898 730495
2 985 732876
1 770 730778
4 296 733504
2 927 733018
2 581 732636
1 114 732492
3 383 730676
2 1050 732961
2 1266 733255
2 574 732755
2 308 732357
2 562 732357
2 633 732908
2 100 732357
2 181 733017
2 1172 732631
2 1197 732877
1 1299 733245
1 653 731833
2 549 732357
2 1361 732903
2 414 732994
2 500 732357
2 589 732958
2 312 732876
2 543 732636
2 432 732636
2 645 732745
1 746 732358
2 1197 732958
2 296 733066
2 1272 732672
2 1171 733017
4 932 733476
2 1094 732859
1 465 731833
2 970 732961
1 345 733294
2 373 733017
2 163 732908
2 257 732357
5 830 730886
2 1267 732859
2 216 733017
2 916 733017
2 404 732357
3 820 730457
3 673 730457
1 699 731094
2 1234 732357
2 1353 732636
1 922 730938
3 301 730676
2 342 733017
2 1163 732357
2 799 732357
3 306 730457
2 409 733017
2 946 733023
2 825 733017
3 1199 730942
2 975 732357
2 589 732957
4 363 733448
2 474 732863
2 178 732958
2 704 733273
2 398 732869
2 388 732357
3 802 730495
1 440 733435
7 830 731943
2 1069 732923
1 1106 732358
2 210 732357
1 252 733245
1 1097 732358
2 266 732357
4 1323 733504
2 34 732877
2 209 733066
2 1172 732357
1 559 733077
2 309 732357
1 247 731878
1 114 730778
2 946 733254
2 522 733017
5 1205 730782
2 935 732636
2 286 733120
2 21 733023
1 1079 732358
2 161 732357
2 343 732357
2 397 733017
2 16 732958
2 1057 732380
2 317 732745
1 870 733175
2 499 732869
1 1018 732358
2 333 733017
1 375 731877
2 163 732947
1 1299 733224
1 765 731833
2 1189 733017
4 273 733504
2 1115 733254
3 958 730496
2 957 732866
1 440 733273
2 711 733017
2 79 732357
4 808 733469
2 1040 732869
1 990 733245
2 1150 733017
2 295 732357
1 195 732961
3 458 730457
2 1339 732923
1 817 732358
2 428 732859
2 1263 732636
2 1023 732876
2 856 733017
2 744 732378
1 1077 732358
1 277 732358
2 652 732357
1 296 733338
2 1161 733062
1 629 732915
2 33 732792
2 117 732636
2 69 733017
3 718 730495
2 810 732636
2 1022 732908
1 296 733358
1 380 732384
2 1075 732636
2 143 732636
2 956 733017
2 801 733139
2 170 732792
1 375 730799
2 978 732357
2 741 732636
2 827 733017
1 663 732492
2 632 732357
2 793 732876
2 754 732357
2 115 733018
1 154 733245
2 548 733017
2 1252 732859
4 941 733504
2 970 732994
2 696 732636
1 58 732961
1 1052 732359
2 58 732908
2 414 733017
1 327 732959
2 327 732957
2 894 732863
2 1351 732357
1 583 733343
2 915 732987
1 1197 732959
1 1 733169
2 1218 732636
2 76 732357
1 45 730938
1 584 733435
2 1054 733017
2 1252 732866
2 805 733252
2 887 732792
5 114 730886
3 164 730503
2 339 732923
2 289 733017
1 129 732384
3 597 730940
2 1278 732869
2 550 732636
2 361 733066
1 790 732715
2 970 732959
1 994 732358
2 438 732636
2 1062 733017
2 247 732357
2 200 732636
2 726 733026
2 1295 733017
2 781 733017
2 381 733017
2 357 733017
5 383 730866
2 1252 732901
2 922 732357
2 968 732636
5 211 731570
3 1287 730457
2 930 732631
2 104 732357
2 1212 732866
2 1284 732908
3 186 730583
3 1032 730457
2 507 733026
2 841 733017
2 333 733018
1 360 732527
1 169 732358
2 849 732755
2 507 733023
1 486 732358
2 333 733254
2 242 732908
3 186 731827
1 618 732358
1 281 732358
2 810 733017
2 559 733066
2 925 732636
2 1022 733017
2 705 732636
1 314 730799
2 17 733017
2 849 732908
1 32 732358
1 518 732358
2 171 732631
2 159 732961
2 970 732958
2 671 732957
2 1114 732994
2 981 732859
2 970 732980
2 1334 733253
1 155 732358
1 1184 732358
1 958 730953
3 1252 730626
2 578 732636
2 178 732877
2 1160 733017
2 69 733017
2 1312 732636
2 1005 733017
2 522 732908
2 146 732980
2 1039 732357
2 395 732636
1 67 733175
1 726 733020
2 386 733017
2 629 732700
2 1044 733017
2 927 733017
3 211 731085
2 995 732957
2 1350 732357
3 765 730939
2 433 733121
1 1012 732358
2 1021 732961
2 99 732636
2 920 732636
2 1092 733017
2 624 732804
4 296 733511
2 389 732357
3 1294 730676
1 1187 732651
2 435 732962
2 1321 733051
2 381 733018
2 237 733364
1 1281 732358
2 1163 732636
2 1292 732636
2 474 732876
1 1269 733203
2 1037 733017
2 1088 732636
1 153 733346
1 1197 732961
2 1091 732357
3 1328 730457
2 967 733017
2 905 732636
2 524 733121
1 177 732513
3 113 730576
1 1250 732915
3 26 730674
1 1007 731878
1 1169 733224
2 507 733120
1 1191 733245
2 1142 732636
3 114 730457
1 36 732954
2 68 733038
2 933 733017
2 1052 732636
2 506 732908
6 1172 732548
2 618 732357
1 770 730779
2 1197 733017
2 1189 732876
2 540 733017
2 774 733017
4 237 733462
3 247 730939
2 230 733017
1 796 732358
1 1249 732366
1 364 733245
2 107 733017
2 634 733017
2 206 732908
2 234 733017
2 209 733017
1 779 732358
2 940 733364
2 1097 732357
2 477 732952
5 1205 730843
2 1088 732908
2 54 732859
3 293 730676
2 732 732636
2 621 733139
1 1253 732358
2 201 733017
2 181 732923
2 695 732636
1 1306 732358
3 1336 730495
1 790 733413
2 1036 732755
3 945 730457
2 582 733017
1 115 733175
1 139 732651
1 477 732954
2 1197 733007
1 123 733294
1 487 732358
2 831 733017
2 1043 732908
2 378 732357
1 804 730938
2 1208 733017
2 790 733272
1 546 733209
2 52 733017
1 946 733224
2 698 733017
2 204 733017
2 77 732636
2 660 732672
2 687 733017
2 875 732357
1 1134 732384
1 1142 732358
1 922 731878
1 808 733435
2 1008 733219
2 457 733017
2 972 732869
2 1329 733017
2 340 732636
1 1295 733435
2 121 733007
2 559 733246
1 556 732358
6 752 732548
2 57 733017
1 11 733245
2 824 732908
1 670 730799
2 961 733017
2 241 732957
2 944 732636
2 432 732859
2 1042 732636
4 322 733469
2 1201 733020
2 600 732386
2 1040 732728
2 1269 733017
2 313 732903
2 423 733017
2 966 732994
1 507 733252
2 1236 733017
3 269 730502
2 642 732908
2 564 732658
2 536 732357
1 892 730799
2 613 732908
3 116 730676
2 43 733139
2 408 733017
2 36 733017
1 883 731877
1 30 730799
3 302 730676
5 1132 730895
1 651 732358
2 379 732636
2 1203 732357
3 750 730457
2 760 733023
1 589 732958
7 830 731943
2 776 732357
2 964 733017
2 1356 732636
2 536 732636
2 649 733017
2 1306 732357
3 688 730495
4 1 733504
2 669 732357
2 958 732357
3 922 731085
2 1065 733139
2 1232 733246
1 607 731877
2 925 733017
2 1361 733017
1 35 733245
1 468 732358
3 670 730496
1 901 732617
2 1069 733017
2 402 732357
2 442 733017
2 1087 732876
2 804 732357
2 934 733017
3 1170 730457
2 220 732952
2 647 732636
2 557 732903
2 1026 733017
2 1022 732958
1 1054 733224
1 314 731834
4 237 733469
1 1360 731833
2 545 732636
2 16 732994
1 958 731877
3 758 731085
2 886 733023
3 632 730496
2 783 732757
2 583 733120
3 1199 730942
1 742 731833
1 211 731833
2 1040 732734
2 611 732876
1 353 732737
1 1322 732961
1 1063 733209
2 1073 733023
1 584 733359
3 1193 730457
1 381 733245
2 65 733017
1 273 733346
2 417 733051
4 1053 733448
1 852 731094
1 1151 732358
2 1076 732959
2 1316 732876
2 956 733051
2 934 732957
2 682 733017
1 1172 732527
2 820 732357
2 46 733017
2 1211 732357
2 1286 733015
1 623 733168
3 1353 730457
3 1193 730676
3 175 730495
2 460 733017
1 1163 732358
6 882 732548
2 564 732700
2 1161 733066
1 113 730940
2 726 733254
2 443 732490
1 850 730799
2 558 732859
2 947 733017
2 1252 732734
2 1318 732875
2 1192 732357
2 479 732874
2 1181 733017
2 1360 732357
2 166 732357
1 914 730799
3 1082 730457
2 839 732875
2 494 733017
2 648 732636
2 1026 733007
2 507 733051
2 73 733017
2 720 732908
1 762 732358
2 790 732636
2 1265 732908
1 260 732961
1 738 732384
2 1293 732357
2 662 732923
2 943 732957
2 1086 732636
6 901 732548
2 1090 732357
2 868 732866
1 509 732959
2 822 732859
2 205 733017
2 367 733017
2 1038 732876
3 127 731023
2 542 732357
3 879 730939
2 139 732636
2 487 732357
2 606 732908
2 498 732357
2 340 733017
2 1328 732357
3 718 730457
2 788 733017
1 1305 732358
2 17 733007
2 454 733017
2 771 732357
1 253 732358
2 254 732728
4 996 733462
1 327 732961
2 1028 733017
2 333 733017
1 1234 731833
2 284 732636
1 145 732651
1 488 732358
3 708 730576
2 940 733017
2 695 732357
2 59 733017
1 626 732384
1 1314 732358
2 970 732923
1 309 731833
3 1289 731085
3 1252 730495
2 71 733017
2 1150 732636
2 110 732357
3 297 730495
2 5 732859
1 44 731865
2 504 732636
2 1148 732636
2 526 732728
2 884 733246
2 337 733017
2 946 733255
1 211 731865
1 280 732915
2 790 733273
2 1004 732958
3 247 730940
2 663 732636
2 39 732959
2 1307 732357
2 121 732961
1 10 732358
1 884 733252
1 1185 732358
2 656 732357
2 1194 732357
2 364 733017
2 507 733023
3 949 731902
1 684 733346
2 905 733017
1 292 731833
1 473 732358
2 778 733246
3 1205 731093
2 503 733017
2 593 732908
2 1072 732636
2 802 732357
2 1019 733017
2 638 733017
2 52 732636
2 227 732636
2 1044 732901
2 320 732908
3 70 730947
2 55 732357
2 664 732490
2 1117 733017
2 226 732357
2 24 732908
2 963 733017
2 505 733017
2 264 733017
3 1328 730495
2 861 732863
2 496 732903
2 1305 732357
1 1283 732961
1 754 732358
2 507 733364
2 495 732636
2 1238 732357
1 949 731877
2 726 733017
1 1053 733209
1 954 732358
2 860 732869
2 790 732380
2 86 732636
2 746 732357
2 228 733017
7 830 731243
2 1297 733017
2 1229 733017
2 1232 733253
1 127 731093
2 342 733017
2 685 733017
2 534 732755
1 134 733294
2 87 732636
2 80 733017
2 751 732636
2 1252 732387
2 460 732636
1 340 732959
2 1142 732357
2 1235 733121
2 395 733017
3 1130 730626
2 420 732908
2 295 732636
1 275 732358
1 508 730799
1 202 732358
1 1262 731833
5 1252 730895
2 779 732357
2 1235 733017
2 96 732859
6 883 732635
1 990 733224
3 27 730457
2 253 732357
1 17 732959
2 443 732357
1 771 732737
4 1030 733469
3 1336 730457
3 1129 730496
1 55 733245
2 80 732908
2 1264 732636
2 147 732357
1 726 733245
2 1236 733015
2 1352 733017
1 559 733245
2 297 732636
2 428 733017
2 1177 732869
2 613 733017
1 206 732959
3 1237 730463
2 374 733233
2 919 732859
1 589 732965
2 1065 733051
1 596 732358
2 629 732792
2 941 732994
1 809 730799
2 1347 732755
4 704 733504
1 18 733077
1 1203 732358
2 184 732357
2 69 733139
2 1076 732958
3 425 730495
2 1336 732357
2 734 733017
2 1201 733017
2 25 733203
1 343 732358
2 1331 732876
1 1321 733175
1 177 732589
1 837 733168
2 355 733017
2 924 732631
2 650 733272
2 243 733017
2 507 733017
1 510 732358
3 113 730465
6 796 732548
2 973 733007
1 85 732358
2 967 732636
2 726 733246
1 1232 733224
1 770 730799
2 136 732636
1 352 733233
2 836 732869
2 425 732357
1 1117 732959
2 507 733246
9 726 733488
6 632 732548
2 2 732859
2 839 732876
2 1358 732876
5 830 730786
3 211 731878
2 1264 733017
2 625 733017
2 287 733007
2 195 732959
2 970 732952
3 1336 730457
2 914 732357
3 1289 730939
6 221 732548
2 794 732357
2 333 733062
4 1252 733504
1 431 730799
2 1117 732908
2 570 733017
2 805 733272
2 766 733001
3 301 730676
4 1252 733504
2 969 733017
2 1083 732636
2 1020 733191
2 1232 733255
1 388 732358
2 997 732636
2 859 732357
2 962 732636
2 1098 732866
3 1118 730939
2 298 732728
2 957 732866
2 1282 732908
2 1155 733017
2 381 733066
2 339 733017
2 356 733017
2 248 733017
1 207 732358
2 1135 732636
2 1050 732959
2 333 733121
2 296 733017
2 1212 732745
2 1359 732869
2 1286 733017
3 580 730676
2 729 732755
2 796 732631
2 953 732908
5 211 730895
3 750 730939
1 927 733352
2 778 733253
2 428 732901
2 826 732636
4 237 733462
2 1332 732357
2 512 732866
2 221 732357
2 1348 733020
2 726 733017
1 1048 732358
2 619 732908
2 129 732636
2 368 733066
2 848 732700
2 758 732357
2 603 733364
2 506 732755
2 630 733017
2 616 733017
2 904 733017
2 544 733017
2 1112 732357
2 225 732636
1 384 733294
1 895 733245
1 113 730938
3 830 730583
2 813 732490
1 186 731093
1 1295 733359
3 269 731096
1 1146 733175
2 463 732700
2 749 733017
1 599 733333
2 723 732957
3 425 730457
1 81 732358
3 297 730457
1 333 733413
2 20 733017
1 442 732584
3 804 730940
1 113 731877
2 98 732357
3 27 730495
2 2 732745
2 447 733219
2 1205 732357
2 833 732636
2 1008 733017
2 927 733017
2 1080 733017
6 1090 732548
5 1193 730866
2 154 733023
1 296 733246
2 1252 732755
1 93 733245
1 183 732358
2 1251 732631
2 1295 733020
1 927 733224
1 597 731833
2 983 732357
2 1248 732636
2 334 732357
2 1347 732728
2 1067 732908
5 672 730782
2 1283 732636
1 849 732737
2 571 733245
2 327 732957
2 650 733139
2 528 732357
3 236 730457
2 738 732636
1 433 733168
2 976 733017
2 1325 732357
2 915 732994
2 444 732869
2 1252 733262
2 49 732792
1 591 732954
1 530 732358
2 761 732636
1 883 731833
2 1271 732755
1 1307 732358
2 589 732876
3 465 731093
2 816 732859
2 115 733017
2 338 733017
2 589 732877
2 311 732636
2 511 732636
2 852 732636
2 986 732357
2 351 732357
2 589 732962
1 1210 730799
1 127 731878
2 849 732728
2 893 732869
1 713 733259
1 1259 732358
2 1228 732869
3 211 730457
2 315 733139
2 212 732357
3 804 731835
2 459 732755
2 557 733017
3 795 730495
1 632 731833
2 883 732636
2 374 733023
3 127 731026
2 891 733017
2 463 732636
2 954 732357
1 252 733224
1 186 730779
2 1289 732357
2 782 733017
1 1165 733224
2 327 732994
1 1300 732959
2 966 733017
2 161 732859
2 49 732908
1 351 732385
2 377 732957
1 1232 733245
2 1347 732636
2 607 732357
2 1066 733017
2 1114 732957
2 931 732908
2 1049 733017
1 153 733338
2 272 732357
2 842 732636
2 636 733017
2 688 732357
3 1118 730457
4 296 733504
3 269 731878
3 1176 730939
2 884 733252
2 993 733023
1 647 731878
2 941 732869
2 1031 732357
1 995 732959
1 333 733245
3 1309 730495
2 723 732923
2 644 733017
1 314 732527
1 505 733224
2 1197 732959
1 437 732961
2 376 732357
2 481 732357
1 291 732961
2 1023 732859
1 629 732651
2 485 732876
2 959 733017
2 417 733017
2 445 732923
2 288 732636
2 24 732728
5 211 730787
2 842 732728
3 1199 730626
1 1255 732358
2 291 732908
2 37 733017
2 408 733017
2 1208 732923
1 668 732384
2 765 732357
3 525 730583
2 66 732636
2 1202 733017
2 948 733017
2 442 732863
2 108 732908
2 1215 732636
5 998 731093
1 677 732358
2 762 732357
2 1047 732876
3 699 731094
2 982 733253
2 931 733017
1 952 733224
2 898 732357
2 19 732958
2 583 733017
2 858 733066
2 1201 733017
2 254 732958
1 888 733413
2 39 733015
2 629 732728
2 62 733007
3 127 731026
2 1320 732636
2 796 732357
2 218 732636
2 361 733252
2 360 732357
2 369 733040
2 777 733017
2 159 732961
1 1287 730799
1 1008 733224
2 398 732863
2 763 732357
2 725 733017
1 110 730950
1 940 733169
1 958 730949
2 82 733018
2 845 732859
1 384 733333
1 1264 732651
3 686 730576
2 1303 732908
2 951 733017
2 393 733017
1 1232 733252
2 15 732636
2 776 732636
2 95 732908
2 283 733017
2 904 732755
2 287 733017
3 830 730495
2 493 732357
1 400 733224
2 305 732357
3 520 730676
3 641 730457
2 267 732357
3 293 730457
1 958 730801
2 981 733017
2 195 732961
2 85 732357
2 708 732357
3 763 730495
1 607 730952
2 1040 732755
2 772 732636
2 296 733262
2 321 732961
2 346 733017
1 945 730780
2 41 732876
2 1205 732369
1 582 733224
1 1037 733219
2 704 733265
2 494 732636
3 700 730495
2 360 732636
2 401 732876
2 1007 732636
2 707 733121
2 1242 732863
2 280 732957
2 790 733255
1 791 732358
2 1135 732859
3 1252 731902
2 1342 732636
2 607 732636
2 1115 733023
1 607 730949
2 507 733253
2 12 733017
2 1010 732859
1 1076 732961
1 859 732358
3 1246 730457
2 1339 732958
2 390 732636
2 927 733017
2 471 732357
2 1353 732357
4 1295 733476
2 699 732357
2 1276 732959
2 332 732357
2 106 732859
1 865 733168
2 927 733017
1 882 732358
1 1031 732358
2 444 732866
2 731 732636
2 259 733051
1 927 733245
1 647 730799
1 1225 732358
3 941 731902
1 431 730801
2 1194 732636
2 391 732745
2 589 733007
3 251 731085
2 682 732636
2 1361 732961
2 1340 733017
7 830 731019
3 50 730496
3 1015 730457
2 629 732658
2 927 733017
4 273 733469
2 664 732357
2 1138 732958
1 899 732959
2 814 732357
2 603 733120
2 1190 732728
1 946 733294
3 1231 730457
2 128 732957
1 211 731877
2 948 733007
3 211 730626
2 461 732859
1 455 732358
1 632 730948
2 1252 732875
3 269 730939
2 199 732357
2 407 733017
2 911 732957
2 333 733017
2 494 732728
2 428 732958
2 679 732357
2 550 733017
2 691 732636
2 560 733017
3 941 730576
2 595 732908
1 639 732358
2 491 732357
3 998 731085
2 1348 733254
1 126 732358
3 1118 730495
2 665 732876
2 782 733364
3 958 730626
2 241 732877
2 1212 732947
2 1050 732957
2 1303 732908
2 290 733017
1 999 731833
2 382 733139
2 403 733245
2 442 732636
2 992 733017
2 231 732908
2 1051 732357
2 197 732357
2 459 732908
1 349 732358
3 486 730576
3 1015 730495
1 133 732651
2 1276 732957
2 1070 732755
2 431 732357
2 1349 732866
2 1167 732357
2 55 733253
2 283 733007
3 941 731085
2 560 733038
1 922 730799
2 744 732636
2 2 732792
3 269 730457
2 903 732636
2 39 732957
1 237 733359
3 776 731878
1 583 733333
2 1089 733017
2 1273 732357
2 36 732957
1 374 733245
2 133 732792
2 112 732957
1 1001 732961
2 62 733017
2 312 732869
2 745 733254
4 704 733469
2 588 732908
2 1184 732357
3 918 730939
1 450 732358
1 549 732358
2 1165 733017
2 417 733017
2 629 732863
2 244 732636
2 1057 732357
2 815 732357
2 870 733120
2 1071 733017
1 673 731833
2 941 732742
2 1344 732357
2 1311 732859
2 178 732636
2 307 732908
2 1131 733017
2 1229 733272
1 1269 733245
1 1248 730799
2 1148 733017
1 699 730799
3 1205 730457
2 924 732636
3 269 730940
2 1039 732636
2 1183 732923
2 1119 733051
2 1099 733017
1 91 732384
2 494 732755
2 1148 732875
2 564 733017
2 282 733364
2 1277 732994
2 205 732908
2 103 732923
1 1020 733175
2 1242 732869
1 314 731865
1 134 733333
2 1139 733017
2 77 732357
2 67 733254
6 724 732548
3 699 731092
2 162 732859
1 870 733245
3 941 731093
2 1135 732700
2 1094 732869
2 39 732961
3 44 730939
4 782 733462
2 694 733017
2 1090 732380
2 1228 732876
2 1045 732357
2 468 732357
1 217 732358
5 1118 731622
2 532 732869
2 1240 733017
2 893 732859
1 646 732358
2 749 733023
2 296 733217
2 54 732869
2 517 733017
5 186 731559
1 186 731025
1 1276 732958
2 727 733017
1 265 732358
2 873 732636
2 1348 733139
2 852 732357
6 212 732548
1 251 731833
2 843 733017
2 235 732357
2 442 733246
2 39 732958
2 1315 733017
1 482 732961
2 1111 733017
2 154 733051
2 1060 733017
2 83 733017
1 940 733077
2 365 732957
2 1121 732357
1 672 730799
2 677 732357
2 314 732636
2 124 732755
2 86 732357
1 50 730799
2 1178 733174
2 1207 733017
1 1093 730799
2 547 733017
2 1118 732357
7 830 731167
2 747 732357
2 534 732952
2 966 732957
1 605 732737
1 1257 732492
2 705 732357
1 8 730799
3 770 730457
2 1177 732866
1 669 730760
2 853 732947
2 946 733017
2 863 733017
2 17 732947
2 1286 732961
3 572 730457
2 807 733017
2 819 733017
7 830 731842
1 118 732358
1 1135 732715
1 900 732715
4 584 733462
2 315 733017
1 1020 733168
3 1210 730496
1 1328 731833
2 72 732745
2 591 732952
2 694 732636
2 1037 733017
1 940 733175
3 1273 730939
2 990 733246
2 1158 732908
2 560 733051
2 564 732728
4 704 733469
1 352 733343
2 907 732357
2 629 732672
2 100 732636
2 197 732631
2 135 732728
2 259 733139
2 1006 733023
2 1033 732952
2 1300 732958
5 809 730792
2 567 732357
1 1152 732651
6 137 732548
1 1275 730799
2 1336 732631
1 80 732959
2 1103 732357
4 1323 733503
2 34 732875
2 113 732636
2 341 732636
3 941 730583
1 425 731833
2 58 733017
2 564 732958
2 178 733015
3 1252 731093
2 266 732636
1 451 732358
2 232 733017
2 696 732357
2 829 732869
2 1260 732636
2 707 733038
6 210 732548
2 441 733017
2 1053 733253
3 699 731026
2 1078 732859
2 32 732357
1 333 733224
2 1286 732959
1 284 732651
2 105 733017
3 186 730626
2 865 733139
2 1008 733062
1 25 733175
2 215 732869
1 314 730938
2 906 732357
2 374 733017
2 463 732672
2 189 732869
3 1237 730457
2 583 733174
1 924 732589
2 154 733139
2 1148 732658
4 583 733476
1 1345 733224
2 157 732636
2 265 732357
3 1199 731096
4 322 733469
2 99 733017
5 998 730857
3 8 730939
2 1271 732636
2 1321 733017
2 655 732636
3 192 730676
2 1136 733017
3 465 731835
1 354 732358
2 178 733006
4 273 733462
3 1328 730626
2 734 732636
2 661 732357
2 442 732357
2 523 732357
2 1033 732923
2 995 732908
2 89 733017
3 764 730457
2 504 732357
2 249 733017
4 273 733469
1 737 732358
3 918 730457
2 161 733020
5 830 730886
2 1229 733252
2 1205 732380
2 791 732357
2 16 733017
1 55 733219
2 344 732876
3 1351 730457
3 269 731085
2 1215 733017
2 589 733006
2 941 732875
2 1327 733017
2 872 732869
2 719 733017
2 334 732636
2 410 732873
2 21 733017
1 726 733239
2 1319 733139
2 231 732636
3 90 730495
2 1178 733017
2 589 732961
1 1205 731878
3 776 730495
2 479 732876
2 316 733017
2 191 733017
2 1251 732357
2 35 733120
2 1308 732636
2 524 733120
2 547 732728
1 583 733294
2 946 733023
2 714 732959
2 1260 732728
2 327 732958
2 797 733017
2 332 732636
3 1332 730457
1 404 732358
2 813 732636
4 932 733469
1 480 733245
2 941 732385
3 718 730626
1 70 730779
1 1081 732358
2 300 732357
1 641 730799
3 269 730495
2 397 732636
2 482 732961
2 989 732636
2 629 732873
2 273 733364
2 921 733017
2 936 732357
2 711 732923
2 1361 732962
2 440 733364
4 1295 733476
2 371 732876
2 946 733253
1 1015 731833
4 366 733504
1 1137 732358
2 482 732962
2 124 732908
1 962 732359
2 61 732357
2 946 733246
2 1274 732877
2 1276 732957
2 190 732957
1 44 730938
3 26 730457
2 955 732903
1 1201 733020
1 1269 733245
3 1132 730939
1 790 733224
2 1255 732357
2 503 732636
2 201 733139
4 363 733525
4 1104 733554
4 273 733595
4 1030 733538
4 67 733608
4 1209 733533
4 601 733554
4 865 733608
4 726 733589
4 884 733539
4 436 733556
4 909 733604
4 1252 733559
4 237 733589
4 819 733595
4 1020 733554
4 1269 733604
4 1252 733609
4 273 733538
4 55 733596
4 384 733589
4 48 733559
4 48 733560
4 429 733553
4 322 733595
4 1 733559
4 940 733531
4 429 733553
4 165 733608
4 1254 733609
4 1252 733539
4 296 733554
4 884 733604
11 1030 733528
4 69 733608
4 446 733559
4 151 733605
4 790 733517
4 552 733531
4 182 733554
4 713 733596
4 396 733554
4 325 733616
4 25 733559
4 296 733609
4 552 733527
4 296 733574
4 252 733514
4 932 733538
4 707 733608
4 584 733589
4 1219 733595
4 1317 733604
4 296 733559
4 902 733604
4 1232 733539
4 757 733539
4 527 733533
4 927 733538
4 318 733589
4 1355 733604
4 1095 733517
4 237 733589
4 48 733554
4 1252 733525
4 325 733539
4 25 733556
4 151 733596
4 63 733595
4 1252 733525
4 778 733609
4 1104 733526
4 552 733609
4 507 733538
4 429 733589
4 1024 733556
4 325 733560
4 1232 733609
4 1003 733553
4 384 733554
4 1241 733526
4 318 733595
4 818 733562
4 1258 733554
4 1317 733609
4 527 733533
4 285 733559
4 932 733526
4 322 733595
4 721 733605
4 627 733595
4 877 733574
4 599 733538
4 790 733517
4 325 733604
4 182 733595
4 667 733517
4 1269 733595
4 25 733554
4 584 733553
4 1232 733595
4 927 733535
4 507 733538
4 442 733554
4 960 733604
4 318 733604
4 1252 733559
4 1252 733517
4 25 733608
4 932 733595
4 1037 733554
4 1232 733554
4 800 733605
4 940 733526
4 1232 733589
4 932 733574
4 819 733609
4 927 733595
4 877 733589
4 599 733538
4 527 733526
4 262 733605
4 1104 733554
4 680 733604
4 753 733554
4 151 733595
4 603 733514
4 1232 733554
4 262 733595
4 396 733589
4 25 733559
4 927 733554
4 877 733562
4 527 733574
4 140 733554
4 800 733595
4 514 733604
4 759 733604
4 325 733562
4 713 733589
4 325 733526
4 48 733595
4 1 733589
4 48 733560
4 182 733595
4 990 733562
4 1252 733539
4 927 733535
4 318 733595
4 69 733605
4 31 733589
4 527 733595
4 1 733559
4 436 733556
4 322 733589
4 745 733609
4 436 733554
4 757 733554
4 318 733595
4 1 733556
4 806 733527
4 527 733526
4 507 733525
4 399 733517
4 592 733604
4 345 733554
4 855 733604
4 507 733525
4 940 733556
4 442 733608
4 592 733595
4 273 733590
4 877 733562
4 1104 733538
12 1241 733527
4 584 733553
4 325 733517
4 1003 733609
4 396 733589
4 1258 733608
4 182 733553
4 753 733554
4 325 733562
4 151 733604
4 584 733589
4 707 733554
4 296 733559
4 325 733539
4 396 733589
4 1059 733604
4 507 733589
4 932 733595
4 1261 733604
4 325 733589
4 363 733574
4 888 733556
4 1341 733527
4 44 733562
4 877 733595
4 877 733574
4 436 733556
4 1102 733554
4 527 733532
12 296 733526
4 273 733538
4 325 733517
4 63 733595
4 599 733531
4 325 733517
4 25 733556
4 1232 733595
4 396 733554
4 627 733539
4 601 733554
4 55 733596
4 273 733538
4 48 733559
4 67 733554
4 537 733554
4 877 733595
4 888 733554
4 1216 733538
4 932 733574
4 1 733574
4 345 733553
4 1252 733559
4 325 733554
4 296 733517
4 182 733554
4 273 733574
4 1209 733533
4 325 733532
4 552 733574
4 527 733595
4 273 733574
4 67 733554
4 1104 733553
4 1269 733589
4 1232 733589
4 25 733556
4 996 733589
4 790 733531
4 386 733517
4 674 733604
4 296 733531
4 1104 733538
4 1003 733589
4 262 733595
4 296 733531
4 48 733604
4 325 733525
4 345 733608
4 43 733608
4 584 733554
4 325 733556
4 666 733604
4 527 733538
4 1029 733604
4 1 733556
4 1179 733517
4 790 733531
4 252 733514
4 993 733596
4 884 733538
4 1104 733526
4 1209 733539
4 436 733556
4 1252 733554
12 584 733526
4 1232 733596
4 865 733554
4 818 733596
4 363 733517
4 31 733595
4 384 733608
4 940 733559
4 446 733559
4 396 733589
4 592 733595
4 55 733595
4 1104 733554
4 363 733525
4 273 733574
4 273 733574
4 1104 733553
4 325 733560
4 1003 733554
4 932 733574
4 1319 733554
4 282 733554
4 325 733559
4 182 733604
4 1241 733526
4 1252 733556
4 151 733595
4 325 733608
4 1003 733604
4 325 733556
4 865 733554
4 296 733616
4 927 733595
4 449 733554
4 693 733604
4 384 733538
4 1029 733609
4 325 733559
4 25 733556
4 436 733554
4 514 733604
4 1024 733608
4 819 733605
4 165 733554
4 1232 733554
4 285 733595
4 960 733604
4 1219 733554
4 322 733589
4 1034 733604
4 584 733554
4 69 733554
4 884 733609
4 296 733605
4 507 733538
4 319 733532
4 932 733538
4 624 733517
4 592 733562
4 818 733595
4 1102 733608
4 470 733608
4 927 733526
4 1017 733604
4 527 733533
4 666 733538
4 674 733604
4 507 733574
4 31 733595
4 927 733608
4 25 733556
4 48 733595
4 237 733589
4 1 733559
4 25 733559
4 1030 733531
4 583 733531
4 1252 733574
4 932 733590
4 322 733590
4 693 733604
4 325 733526
4 527 733604
4 1341 733527
4 1 733574
4 25 733556
4 757 733604
4 1252 733574
4 296 733525
4 262 733562
4 726 733517
4 325 733517
4 325 733595
4 877 733589
4 1269 733589
4 1252 733604
4 1209 733532
4 1241 733532
4 182 733595
4 599 733609
4 552 733527
4 282 733608
4 1030 733532
4 757 733595
4 1252 733616
4 322 733531
4 138 733604
4 325 733532
4 932 733595
4 721 733574
4 285 733559
4 627 733589
4 1030 733540
4 884 733539
4 721 733562
4 884 733539
4 296 733531
4 1029 733604
4 1102 733554
4 1003 733553
4 832 733604
4 209 733609
4 627 733595
4 296 733525
4 296 733574
4 819 733595
4 621 733554
4 1003 733554
4 726 733589
4 262 733562
4 527 733595
4 537 733554
4 527 733595
4 927 733554
4 713 733553
4 1104 733589
4 1252 733531
4 782 733589
4 130 733609
4 165 733554
4 726 733511
4 507 733589
4 1 733556
4 1219 733539
4 527 733532
4 1209 733532
4 273 733574
4 1232 733595
4 384 733589
4 1258 733589
4 31 733589
4 507 733589
4 325 733531
4 855 733604
4 1219 733554
4 889 733562
4 932 733538
4 69 733554
4 627 733539
4 855 733608
4 601 733608
4 396 733553
4 621 733554
4 877 733574
4 927 733554
12 1239 733526
4 285 733595
4 721 733595
4 527 733538
4 262 733595
4 888 733554
4 319 733595
4 285 733604
4 396 733553
4 1 733589
4 47 733604
4 927 733532
4 583 733531
4 182 733539
4 31 733595
4 745 733608
4 996 733589
4 1219 733596
4 273 733574
4 507 733609
4 888 733608
4 757 733554
4 721 733574
4 599 733609
11 1030 733528
4 1269 733604
4 55 733605
4 1034 733604
4 1241 733532
4 44 733559
4 884 733532
4 941 733513
4 273 733589
4 932 733595
4 1020 733554
4 715 733609
4 319 733532
4 396 733553
4 325 733531
4 55 733595
4 782 733589
4 325 733531
4 515 733604
4 1209 733532
4 325 733525
4 296 733531
4 1241 733539
4 527 733553
4 1 733556
4 603 733608
4 877 733604
4 726 733517
4 282 733554
4 436 733608
4 1030 733604
4 273 733595
4 1219 733539
4 938 733604
4 552 733531
4 721 733604
4 333 733589
4 1003 733589
4 889 733562
4 457 733525
4 940 733526
4 821 733604
4 884 733531
4 927 733539
12 932 733526
4 319 733596
4 583 733589
4 1232 733554
4 318 733574
4 800 733604
4 721 733595
4 932 733590
4 442 733554
4 877 733574
4 862 733595
4 25 733554
4 273 733589
4 1252 733554
4 818 733595
4 285 733589
4 319 733595
4 927 733532
4 384 733538
4 862 733595
4 888 733556
4 182 733554
4 436 733556
4 345 733554
4 130 733604
4 25 733556
4 1232 733589
4 909 733562
4 507 733538
4 1020 733608
4 325 733554
4 877 733605
4 1269 733553
4 1269 733595
4 154 733554
4 603 733554
4 1229 733554
4 569 733604
4 940 733609
4 1209 733539
4 470 733554
4 800 733595
4 1319 733608
4 285 733559
4 449 733554
4 44 733532
4 927 733562
4 436 733556
4 325 733589
4 507 733589
4 154 733554
4 285 733559
4 449 733608
4 941 733513
4 1252 733556
4 470 733554
4 273 733590
4 862 733526
4 290 733517
12 792 733526
4 285 733595
4 1258 733589
4 325 733517
4 527 733554
4 599 733531
4 325 733562
4 821 733604
4 1030 733539
4 1024 733554
4 759 733604
4 333 733589
4 262 733595
4 457 733525
4 296 733517
4 790 733517
4 1241 733539
4 25 733556
4 48 733554
4 627 733554
4 237 733589
4 396 733553
4 285 733596
4 182 733595
4 1252 733531
4 399 733517
4 1024 733556
4 1229 733608
4 1037 733608
4 273 733539
4 745 733554
4 927 733562
4 527 733574
4 1219 733595
4 940 733527
4 627 733554
4 584 733608
13 44 733531
4 436 733556
4 1252 733517
4 927 733562
4 262 733596
4 603 733554
4 1252 733517
4 537 733608
4 927 733539
4 1232 733604
4 138 733604
4 932 733574
4 436 733556
4 42 733604
4 325 733517
4 318 733562
4 318 733595
4 1319 733554
4 932 733596
4 862 733526
4 55 733589
4 325 733595
4 319 733595
4 721 733562
4 325 733559
4 884 733531
4 25 733559
4 862 733589
4 25 733556
4 384 733554
4 507 733574
4 318 733589
4 1104 733532
4 1252 733517
4 1030 733540
4 627 733604
4 821 733608
4 325 733531
4 527 733533
4 1 733609
4 285 733554
4 666 733539
4 552 733574
4 667 733517
4 1232 733604
4 273 733539
4 527 733533
4 932 733574
4 1030 733531
4 990 733562
4 285 733554
4 1313 733604
4 627 733554
4 1232 733595
4 515 733604
4 47 733604
4 745 733554
4 927 733539
4 818 733604
4 296 733539
4 1258 733554
4 345 733553
4 31 733526
4 927 733526
4 43 733554
4 1024 733554
4 182 733553
4 909 733595
4 285 733589
4 1104 733554
4 182 733554
4 203 733604
4 1232 733589
4 273 733538
4 182 733554
4 436 733556
12 527 733527
4 1157 733590
4 48 733559
4 31 733526
4 140 733554
4 909 733595
4 1232 733539
4 325 733559
4 325 733517
4 1095 733517
4 1030 733531
4 932 733574
4 666 733538
4 713 733589
4 296 733539
4 322 733531
4 884 733538
4 1216 733538
4 182 733554
4 1030 733531
4 932 733538
4 790 733517
4 325 733554
4 273 733538
4 22 733604
4 296 733531
4 436 733556
4 707 733554
4 1157 733590
4 43 733554
4 1229 733554
4 884 733532
4 1219 733604
4 757 733539
4 31 733595
4 862 733589
4 48 733559
4 627 733589
4 1104 733532
4 940 733609
4 140 733608
12 237 733526
4 319 733604
4 757 733595
4 603 733514
4 940 733527
4 584 733531
4 285 733595
4 325 733517
4 1261 733604
4 322 733590
4 583 733589
4 363 733517
4 1341 733574
4 325 733517
4 318 733574
4 1030 733538
4 296 733554
4 806 733527
4 624 733517
4 927 733538
4 902 733604
4 1037 733554
4 529 733604
4 319 733595
4 790 733517
4 938 733604
4 429 733589
4 262 733604
4 940 733556
4 296 733531
4 1104 733589
4 363 733574
4 213 733604
4 927 733554
4 790 733517
4 713 733553
4 621 733608
4 268 733596
4 296 733559
4 527 733554
4 753 733608
4 325 733526
4 1120 733604
4 584 733531
4 1341 733574
4 1254 733604
4 69 733609
4 1269 733553
4 325 733554
4 627 733554
4 130 733608
4 25 733556
4 182 733539
4 927 733604
4 1030 733532
4 932 733531
4 527 733553
4 1254 733604
4 273 733538
4 154 733608
4 790 733517
4 1120 733604
4 529 733539
4 325 733526
4 55 733589
4 1209 733532
4 940 733531
14 507 733647
4 519 733693
4 296 733707
4 238 733735
4 730 733700
4 715 733735
4 896 733742
4 654 733707
4 736 733639
4 965 733700
4 654 733700
4 507 733693
4 507 733639
4 519 733700
4 790 733728
4 1252 733707
4 1116 733707
4 1254 733693
4 715 733742
4 229 733735
4 965 733707
4 278 733742
4 278 733707
4 229 733742
4 552 733707
15 1348 733685
4 806 733707
4 1252 733742
4 736 733619
4 1188 733707
4 296 733742
14 908 733647
4 821 733639
4 519 733700
4 519 733639
15 417 733685
4 55 733693
12 821 733673
4 1313 733707
4 896 733707
4 238 733700
4 730 733735
4 715 733707
4 519 733735
4 1252 733728
4 927 733693
4 730 733700
12 1232 733673
16 1188 733619
4 715 733728
4 1334 733700
4 229 733700
4 1348 733728
4 417 733728
4 55 733619
4 229 733749
4 278 733744
4 180 733744
4 519 733749
4 730 733749
4 623 733744
4 229 733749
4 229 733749
4 94 733744
4 896 733744
4 1252 733749
4 715 733744
4 296 733749
4 782 733777
4 897 733777
4 884 733759
17 333 733813
4 176 733812
2 929 733867
4 278 733749
4 715 733759
4 584 733793
2 422 733867
2 666 733867
2 1140 733870
4 782 733759
4 614 733763
4 519 733798
2 1295 733867
4 229 733763
2 422 733867
4 884 733798
4 333 733804
2 490 733867
4 406 733759
4 1295 733759
2 452 733868
2 733 733867
2 150 733868
4 897 733777
2 422 733867
4 709 733764
4 782 733777
2 1252 733867
4 1252 733759
4 709 733763
2 782 733867
2 452 733868
2 1140 733868
2 733 733840
4 342 733759
2 733 733840
2 1024 733867
2 1127 733867
4 797 733759
2 897 733867
4 396 733812
4 929 733777
4 715 733759
2 490 733867
2 1348 733867
4 884 733759
15 363 733792
2 1226 733870
2 296 733868
4 710 733793
2 1348 733867
4 507 733759
2 709 733867
2 1115 733867
4 51 733804
4 273 733764
4 507 733793
4 229 733759
4 1232 733812
4 326 733759
2 452 733868
2 1024 733867
4 519 733759
4 490 733804
4 406 733759
2 884 733867
15 150 733792
2 229 733867
2 996 733867
2 51 733867
2 94 733867
2 884 733867
2 519 733867
2 733 733867
4 710 733763
2 422 733867
2 797 733870
2 733 733867
2 222 733867
2 229 733867
2 1127 733867
2 150 733868
4 67 733777
4 884 733759
2 176 733867
2 507 733867
4 1261 733812
2 326 733867
2 1232 733867
2 897 733867
4 1295 733763
2 792 733868
2 67 733867
4 996 733777
2 507 733867
2 94 733867
2 782 733867
4 797 733764
2 1252 733867
15 150 733792
2 614 733867
2 422 733840
2 929 733867
2 278 733868
2 797 733867
4 584 733777
2 792 733868
4 584 733759
2 1049 733867
4 790 733812
4 1024 733777
2 710 733867
2 422 733840
4 1127 733804
2 67 733867
2 709 733867
4 782 733806
2 996 733867
2 406 733867
2 176 733840
4 1049 733759
2 176 733867
2 519 733867
4 782 733759
4 1049 733764
4 1232 733793
2 1049 733867
2 1295 733867
2 710 733867
4 519 733793
2 1232 733867
2 273 733867
2 1355 733867
2 222 733867
4 710 733759
2 132 733870
4 1115 733777
4 222 733798
2 1252 733868
2 406 733867
4 229 733798
2 1252 733868
4 782 733798
2 1140 733868
4 223 733749
17 333 733813
2 733 733867
4 1049 733798
4 797 733763
4 797 733763
2 584 733867
4 709 733759
4 1295 733759
2 666 733867
2 326 733867
2 1140 733868
4 614 733759
2 614 733867
4 229 733777
4 1232 733798
4 176 733806
2 278 733868
2 1355 733870
2 273 733867
4 519 733806
4 1348 733777
4 229 733759
4 1355 733804
2 1355 733867
2 51 733867
2 1115 733867
4 273 733777
4 666 733759
4 1232 733759
4 937 733749
2 176 733840
2 584 733867
2 1232 733867
2 296 733868
2 1232 733867
2 792 733868
2 1226 733870
4 1295 733777
4 507 733798
4 614 733763
2 797 733867
4 797 733793
